xes <- c(
  
  "0002", 
  
  "0"
  
)
