xes <- c(
  
  "0002", 
  
  "99999"
  
)
